[{"id": 0, "img_name": "00001", "width": 1959, "height": 1090, "position": [-3.0089893469241793, -0.11086489695181873, -3.7527640949141423], "rotation": [[0.8761342012188561, 0.06925962026449778, 0.47706599800804744], [-0.04747421839895103, 0.9972110940209488, -0.05758673934988209], [-0.4797239414934442, 0.02780537650095985, 0.8769787916452907]], "fy": 1164.6601287484507, "fx": 1159.588073303806}, {"id": 1, "img_name": "00002", "width": 1959, "height": 1090, "position": [-3.0037218650246085, -0.10860416856489497, -3.7555142671756476], "rotation": [[0.8969920445007286, 0.06525223113804976, 0.4372040924258483], [-0.04508268048660713, 0.9973918386515296, -0.05636552236486399], [-0.43974176970415907, 0.030849092739139303, 0.8975942900078112]], "fy": 1164.6601287484507, "fx": 1159.588073303806}, {"id": 2, "img_name": "00003", "width": 1959, "height": 1090, "position": [-2.953948711386964, -0.10677301972585625, -3.7447166790041324], "rotation": [[0.9170675204762018, 0.060980977137274926, 0.39404122032474503], [-0.042373000139170273, 0.9975445758365301, -0.055761528658410775], [-0.3964740744952146, 0.034440378141072175, 0.9173996776796156]], "fy": 1164.6601287484507, "fx": 1159.588073303806}, {"id": 3, "img_name": "00004", "width": 1959, "height": 1090, "position": [-2.801710612661597, -0.10675052297885228, -3.680409274139724], "rotation": [[0.9763680345413275, 0.04445145255502643, 0.21149356844039816], [-0.03476374732330463, 0.9981784551460139, -0.049307743350905445], [-0.2133001242333126, 0.04079019548942572, 0.9761348354371888]], "fy": 1164.6601287484507, "fx": 1159.588073303806}, {"id": 4, "img_name": "00005", "width": 1959, "height": 1090, "position": [-2.6771292520123966, -0.11131143193498204, -3.5956877210102136], "rotation": [[0.9967775273124548, 0.028912788457722556, 0.07482387124753216], [-0.022791920668540886, 0.9964207006273704, -0.08140218494302941], [-0.07690961836537237, 0.07943448888775713, 0.9938687401151288]], "fy": 1164.6601287484507, "fx": 1159.588073303806}, {"id": 5, "img_name": "00006", "width": 1959, "height": 1090, "position": [-2.6684108357137744, -0.10816234825740201, -3.565239660576909], "rotation": [[0.9995939898846312, 0.006531272059149406, -0.027734416738289358], [-0.008874873691643553, 0.9963210925750186, -0.08523800271638637], [0.027075671801104095, 0.08544953467053341, 0.9959745403478485]], "fy": 1164.6601287484507, "fx": 1159.588073303806}, {"id": 6, "img_name": "00007", "width": 1959, "height": 1090, "position": [-2.670665237756582, -0.10684982919578845, -3.5626261925554714], "rotation": [[0.997247086031201, -0.009449159901097345, -0.07354565098931452], [0.0026735615006820536, 0.9957843569183474, -0.09168623989244697], [0.07410196671600988, 0.09123720674087277, 0.9930683111624008]], "fy": 1164.6601287484507, "fx": 1159.588073303806}, {"id": 7, "img_name": "00008", "width": 1959, "height": 1090, "position": [-2.6572732509773918, -0.09435228775643333, -3.56802278787412], "rotation": [[0.9997686278878481, -0.009789462968964375, -0.019153514195274664], [0.007832412679093117, 0.9949858204996879, -0.09970892796629326], [0.020033571895038942, 0.09953583987359706, 0.9948322836427175]], "fy": 1164.6601287484507, "fx": 1159.588073303806}, {"id": 8, "img_name": "00009", "width": 1959, "height": 1090, "position": [-2.5199776022057296, -0.09704735754873685, -3.6247725540304545], "rotation": [[0.9982731285632194, -0.011928707708098955, -0.05751927260507243], [0.0065061360949636325, 0.9955928229282381, -0.09355533724430456], [0.05838176925818286, 0.09301955098900708, 0.9939511719154457]], "fy": 1164.6601287484507, "fx": 1159.588073303806}, {"id": 9, "img_name": "00010", "width": 1959, "height": 1090, "position": [-2.348736282170838, -0.10020872810942452, -3.6336095851119423], "rotation": [[0.9947773290351416, -0.022928464683562206, -0.09946029934081271], [0.014236504466540002, 0.9960858973795944, -0.08723650028550144], [0.1010712005384502, 0.08536492575257561, 0.9912100896747236]], "fy": 1164.6601287484507, "fx": 1159.588073303806}, {"id": 10, "img_name": "00011", "width": 1959, "height": 1090, "position": [-2.1195280069775992, -0.11213792526745524, -3.5941587033584432], "rotation": [[0.9532691057167676, -0.044246990657445966, -0.2988648790067413], [0.026658726835651635, 0.9976778932616709, -0.0626748241358189], [0.30094405521534456, 0.05177861638469697, 0.9522350815401783]], "fy": 1164.6601287484507, "fx": 1159.588073303806}, {"id": 11, "img_name": "00012", "width": 1959, "height": 1090, "position": [-1.942243734694308, -0.15502809585856248, -3.4601694879937774], "rotation": [[0.9715346452057745, -0.021438143952767517, -0.2359254949104706], [0.038508760832939665, 0.996942711390629, 0.06798753962464411], [0.23374667592075296, -0.07513744864554239, 0.9693899397595566]], "fy": 1164.6601287484507, "fx": 1159.588073303806}, {"id": 12, "img_name": "00013", "width": 1959, "height": 1090, "position": [-1.7489450784370921, -0.17555198798947058, -3.355715431782532], "rotation": [[0.9864401819490679, -0.007935206885031357, -0.1639292528134674], [0.02638183818407098, 0.9935081079857518, 0.11066001075637501], [0.1619869317269744, -0.11348423616636492, 0.9802456641533372]], "fy": 1164.6601287484507, "fx": 1159.588073303806}, {"id": 13, "img_name": "00014", "width": 1959, "height": 1090, "position": [-1.5317196314520274, -0.18730776791744583, -3.2548720251024013], "rotation": [[0.9965596668508444, -0.0009870164203745295, -0.0828725298559188], [0.006979012620118712, 0.9973769449043629, 0.07204528545357701], [0.08258404076443865, -0.07237579410151629, 0.993952524338659]], "fy": 1164.6601287484507, "fx": 1159.588073303806}, {"id": 14, "img_name": "00015", "width": 1959, "height": 1090, "position": [-1.2558414161532885, -0.20899036620568315, -3.1963727553049286], "rotation": [[0.999912569167033, 0.007143665466936746, -0.011127536361664166], [-0.00778149590277321, 0.9982645138774185, -0.05837301306765132], [0.010691227399077546, 0.05845449834510227, 0.9982328231830108]], "fy": 1164.6601287484507, "fx": 1159.588073303806}, {"id": 15, "img_name": "00016", "width": 1959, "height": 1090, "position": [-1.0063742233121686, -0.31300360311007974, -3.083293356331327], "rotation": [[0.9994581433839904, 0.015430769605454966, 0.02907423211041065], [-0.012962534535361938, 0.9964444851832925, -0.08324878765617327], [-0.030255451109613547, 0.0828268030119867, 0.9961045770304278]], "fy": 1164.6601287484507, "fx": 1159.588073303806}, {"id": 16, "img_name": "00017", "width": 1959, "height": 1090, "position": [-0.7737533667465243, -0.33642719453296943, -2.9358969417573757], "rotation": [[0.9998813418672373, 0.013742375651625236, -0.006960552939420825], [-0.014268370388586709, 0.996512943252834, -0.08220929105659477], [0.005806530136575892, 0.0822988520030713, 0.9965907801935304]], "fy": 1164.6601287484507, "fx": 1159.588073303806}, {"id": 17, "img_name": "00018", "width": 1959, "height": 1090, "position": [-0.5536028165319572, -0.26132416778886486, -2.900653006951749], "rotation": [[0.9999609684193342, 0.008338124676234461, -0.002921868366442873], [-0.008556013161787134, 0.9963566235732095, -0.08485442416615113], [0.0022036961320869393, 0.08487611170804975, 0.996389075303759]], "fy": 1164.6601287484507, "fx": 1159.588073303806}, {"id": 18, "img_name": "00019", "width": 1959, "height": 1090, "position": [-0.33983298912057247, -0.19258602760739055, -2.815877781021004], "rotation": [[0.9983000871785318, 0.012113979487658124, 0.057010415191509574], [-0.006283369448075151, 0.9948298199626914, -0.10136147483821385], [-0.05794355190799666, 0.10083095166649704, 0.9932148126051653]], "fy": 1164.6601287484507, "fx": 1159.588073303806}, {"id": 19, "img_name": "00020", "width": 1959, "height": 1090, "position": [-0.12584975272603682, -0.12549536863548158, -2.704639337485575], "rotation": [[0.9945947806766219, 0.01772824662142274, 0.10230802276729069], [-0.006727062266610446, 0.9942482293157969, -0.10688875121201322], [-0.10361452062372148, 0.10562276162898093, 0.9889933585933649]], "fy": 1164.6601287484507, "fx": 1159.588073303806}, {"id": 20, "img_name": "00021", "width": 1959, "height": 1090, "position": [0.15133149437675744, -0.08530923351144935, -2.7109858479521334], "rotation": [[0.9856224878369526, 0.01600510425358024, 0.16820269946682814], [-0.005759298898507843, 0.9981073348264641, -0.061225637128658056], [-0.16886427078068864, 0.05937663516438512, 0.9838492126592681]], "fy": 1164.6601287484507, "fx": 1159.588073303806}, {"id": 21, "img_name": "00022", "width": 1959, "height": 1090, "position": [0.3734576984387005, -0.05064119723654258, -2.6209796669771372], "rotation": [[0.9697343250850894, -0.02209446604667074, 0.24316079725539366], [-0.01295276266253105, 0.9898397124644538, 0.1415965026676], [-0.24381871275842287, -0.1404605930444551, 0.9595953611342782]], "fy": 1164.6601287484507, "fx": 1159.588073303806}, {"id": 22, "img_name": "00023", "width": 1959, "height": 1090, "position": [0.6594108418832698, -0.06656283916610713, -2.4396177824810477], "rotation": [[0.9490403863953183, -0.02552313877792601, 0.31411926775915505], [-0.031572652506778404, 0.984001071006512, 0.17534269266702704], [-0.3135689917774257, -0.17632487528695434, 0.9330509234499095]], "fy": 1164.6601287484507, "fx": 1159.588073303806}, {"id": 23, "img_name": "00024", "width": 1959, "height": 1090, "position": [0.9564353149439635, -0.12037300039600686, -2.398836833950775], "rotation": [[0.9222661449764415, -0.018816797110012832, 0.38609724937742546], [-0.05060921561980465, 0.9843394839019969, 0.1688623336505162], [-0.3832282154599806, -0.17527609243154285, 0.9068706778241802]], "fy": 1164.6601287484507, "fx": 1159.588073303806}, {"id": 24, "img_name": "00025", "width": 1959, "height": 1090, "position": [1.2198221749590001, -0.21966878614011817, -2.3183162007028453], "rotation": [[0.9208648867765483, 0.0012010625395201177, 0.389880004297208], [-0.06298204172269357, 0.9873195217528249, 0.14571693239364383], [-0.3847611242348369, -0.1587410451475895, 0.9092635249821667]], "fy": 1164.6601287484507, "fx": 1159.588073303806}, {"id": 25, "img_name": "00026", "width": 1959, "height": 1090, "position": [1.435324636525061, -0.24946067545114975, -2.2058213494354715], "rotation": [[0.9543338825596582, 0.06191619934962491, 0.2922554103121206], [-0.07243947253502808, 0.9970515459664201, 0.025312793303357027], [-0.28982643671248376, -0.045327684080141054, 0.9560052497965036]], "fy": 1164.6601287484507, "fx": 1159.588073303806}, {"id": 26, "img_name": "00027", "width": 1959, "height": 1090, "position": [1.5459297740076987, -0.21069086480479637, -2.2036007915440288], "rotation": [[0.9976047044141528, 0.0655556234156403, -0.022075188998909142], [-0.06560426958272644, 0.997844613059196, -0.0014859344737605542], [0.02193019706404295, 0.002930601871648769, 0.9997552090533973]], "fy": 1164.6601287484507, "fx": 1159.588073303806}, {"id": 27, "img_name": "00028", "width": 1959, "height": 1090, "position": [1.5510032892419716, -0.2027427093183733, -2.210775226698145], "rotation": [[0.9476109456399898, 0.032140336736498826, -0.31780574956685154], [-0.03048425556964208, 0.9994833652127278, 0.010183949401159721], [0.31796887562409104, 3.76497689148017e-05, 0.9481011510998424]], "fy": 1164.6601287484507, "fx": 1159.588073303806}, {"id": 28, "img_name": "00029", "width": 1959, "height": 1090, "position": [1.509003318809368, -0.19959381961654013, -2.240382352250519], "rotation": [[0.8094881002668572, -0.008709645236694387, -0.5870716801262053], [0.01551485503692677, 0.9998581234619759, 0.00655913258590322], [0.5869312607107732, -0.014417871789804353, 0.8095083817808899]], "fy": 1164.6601287484507, "fx": 1159.588073303806}, {"id": 29, "img_name": "00030", "width": 1959, "height": 1090, "position": [1.4726256320430902, -0.19514904435632202, -2.243522845190855], "rotation": [[0.618014710365549, -0.04229223184088195, -0.7850281427424775], [0.058066162448951616, 0.9982801336144452, -0.008068184998965975], [0.7840192207785714, -0.040597314648171866, 0.6194075552438142]], "fy": 1164.6601287484507, "fx": 1159.588073303806}, {"id": 30, "img_name": "00031", "width": 1959, "height": 1090, "position": [1.5098984076046131, -0.1547924098506003, -2.2233878056624152], "rotation": [[0.5157810786139205, -0.06795460454137178, -0.8540211066861793], [0.08908862848605514, 0.995699185139979, -0.025423394463668036], [0.8520757567366497, -0.06297066327431682, 0.5196167822044032]], "fy": 1164.6601287484507, "fx": 1159.588073303806}, {"id": 31, "img_name": "00032", "width": 1959, "height": 1090, "position": [1.5634699681610988, -0.12277981007582087, -2.1066742189927807], "rotation": [[0.4403207852686901, -0.07775994783243312, -0.8944668784105209], [0.10271612142271304, 0.9940643231527676, -0.03585414668772135], [0.8919456286457367, -0.07608884246673388, 0.4456943836215955]], "fy": 1164.6601287484507, "fx": 1159.588073303806}, {"id": 32, "img_name": "00033", "width": 1959, "height": 1090, "position": [1.742387858893817, -0.13848225198886951, -2.0566370113193146], "rotation": [[0.24669889292141337, -0.08370189346592855, -0.9654706879349405], [0.11343747891376442, 0.9919082664242815, -0.057008151845730735], [0.9624300466054861, -0.09545671285663988, 0.2541976029815521]], "fy": 1164.6601287484507, "fx": 1159.588073303806}, {"id": 33, "img_name": "00034", "width": 1959, "height": 1090, "position": [1.9428080801673318, -0.12721794420186713, -1.8540951210434387], "rotation": [[0.27982015312250896, -0.08923625520161615, -0.9558962143789917], [0.12279451343070372, 0.990819620084616, -0.05655075531497335], [0.9521671016044464, -0.10155476952349057, 0.2882090203467239]], "fy": 1164.6601287484507, "fx": 1159.588073303806}, {"id": 34, "img_name": "00035", "width": 1959, "height": 1090, "position": [2.202140591425129, -0.1587683708737289, -1.7766021391277618], "rotation": [[0.2336301594361386, -0.0838476873042362, -0.968703522206653], [0.12079238135905222, 0.9910600102687951, -0.05665030142572131], [0.964793319425178, -0.10377678632404659, 0.2416696700308076]], "fy": 1164.6601287484507, "fx": 1159.588073303806}, {"id": 35, "img_name": "00036", "width": 1959, "height": 1090, "position": [2.4750549606348984, -0.16606239966807218, -1.6859609272204126], "rotation": [[0.1828119539919758, -0.08062067726581348, -0.979836770015719], [0.1193764085834572, 0.9910781871357639, -0.05927309724827118], [0.9758734869599394, -0.10613356387537862, 0.1908051468586728]], "fy": 1164.6601287484507, "fx": 1159.588073303806}, {"id": 36, "img_name": "00037", "width": 1959, "height": 1090, "position": [2.649129756787803, -0.15064679720639987, -1.6056369232162482], "rotation": [[0.25367640063575875, -0.07881197903530965, -0.9640731070416932], [0.11765674499182782, 0.9917887907930637, -0.05011870723752305], [0.9601068555730734, -0.10071577045215145, 0.2608661715589346]], "fy": 1164.6601287484507, "fx": 1159.588073303806}, {"id": 37, "img_name": "00038", "width": 1959, "height": 1090, "position": [2.872941949902462, -0.1661709679791249, -1.4214552960783107], "rotation": [[0.3009576113516711, -0.06748336268430362, -0.951246819668962], [0.11405094675111922, 0.992880775726834, -0.03435326385154738], [0.9467929539844863, -0.09815172414634094, 0.3065115680238362]], "fy": 1164.6601287484507, "fx": 1159.588073303806}, {"id": 38, "img_name": "00039", "width": 1959, "height": 1090, "position": [3.107036852938124, -0.15556609158779816, -1.294563017003766], "rotation": [[0.25086771667659463, -0.0599851058370197, -0.9661610506572872], [0.11018670394467243, 0.9933608116079402, -0.033063397215400095], [0.9617298368062004, -0.0981635626866495, 0.2558117197420464]], "fy": 1164.6601287484507, "fx": 1159.588073303806}, {"id": 39, "img_name": "00040", "width": 1959, "height": 1090, "position": [3.379133785214969, -0.16290283470523154, -1.3556094281289126], "rotation": [[0.2148625266425993, -0.05649897369779674, -0.9750086977129249], [0.10446632934512023, 0.9939272725372006, -0.03457402117079066], [0.971041132330611, -0.09442691818468442, 0.2194599654703056]], "fy": 1164.6601287484507, "fx": 1159.588073303806}, {"id": 40, "img_name": "00041", "width": 1959, "height": 1090, "position": [3.656730941922394, -0.16470990600750704, -1.345808559042204], "rotation": [[0.23412930583245284, -0.029683304577558845, -0.9717522161434825], [0.102708236068323, 0.9946955463832099, -0.005638106875665717], [0.9667649592295676, -0.09848690996657204, 0.23593609764317322]], "fy": 1164.6601287484507, "fx": 1159.588073303806}, {"id": 41, "img_name": "00042", "width": 1959, "height": 1090, "position": [3.883094149441208, -0.19377650080807496, -1.2440493044330583], "rotation": [[0.30190913599296754, 2.2538079095128152e-05, -0.9533367049977753], [0.10087299481350431, 0.9943855611115116, 0.03196865293219433], [0.9479849748394406, -0.10581755688438169, 0.300211812115523]], "fy": 1164.6601287484507, "fx": 1159.588073303806}, {"id": 42, "img_name": "00043", "width": 1959, "height": 1090, "position": [4.097702594133319, -0.20913914779825377, -1.1763477266203448], "rotation": [[0.36058842488643383, 0.007329363347387857, -0.932696235797509], [0.09421993225411074, 0.9945678794981215, 0.04424180643509927], [0.9279539817275161, -0.10383165944706836, 0.3579390929928115]], "fy": 1164.6601287484507, "fx": 1159.588073303806}, {"id": 43, "img_name": "00044", "width": 1959, "height": 1090, "position": [4.135320649612615, -0.23054777933357104, -1.166679280100718], "rotation": [[0.4447178176013535, 0.010335542133656473, -0.8956110982322028], [0.08445541035066743, 0.9949943196927847, 0.05341898016241994], [0.8916800695150642, -0.099395575092134, 0.44161880992742414]], "fy": 1164.6601287484507, "fx": 1159.588073303806}, {"id": 44, "img_name": "00045", "width": 1959, "height": 1090, "position": [4.150177069971078, -0.2347864629952536, -1.1409030263016506], "rotation": [[0.5737203929753435, 0.006108942494859638, -0.8190284436488221], [0.0743721660391977, 0.9954526329177236, 0.05952173162644115], [0.8156676355004258, -0.09506175066117063, 0.570657140460345]], "fy": 1164.6601287484507, "fx": 1159.588073303806}, {"id": 45, "img_name": "00046", "width": 1959, "height": 1090, "position": [4.1361417825815465, -0.3367029601030584, -1.1112935393037717], "rotation": [[0.6489723902813016, 0.002001847923404748, -0.7608093251646337], [0.0661249058507264, 0.9960639931668537, 0.05902557363325379], [0.7579329346840697, -0.08861441260536376, 0.6462856585131684]], "fy": 1164.6601287484507, "fx": 1159.588073303806}, {"id": 46, "img_name": "00047", "width": 1959, "height": 1090, "position": [4.127903261272134, -0.40102754052889356, -1.083230618625016], "rotation": [[0.7018657358707747, -0.012098967130084124, -0.712206503624448], [0.059253644296510484, 0.9973820333866134, 0.04144979029099251], [0.7098404711258425, -0.07129301839570121, 0.7007451827018663]], "fy": 1164.6601287484507, "fx": 1159.588073303806}, {"id": 47, "img_name": "00048", "width": 1959, "height": 1090, "position": [4.093758033160643, -0.363754810773476, -1.0247493717556093], "rotation": [[0.7390759784030491, -0.022226683093535423, -0.6732552804889357], [0.0538503080007173, 0.9982062791334393, 0.026160440111021165], [0.6714661886318652, -0.055589557087945836, 0.7389471961290347]], "fy": 1164.6601287484507, "fx": 1159.588073303806}, {"id": 48, "img_name": "00049", "width": 1959, "height": 1090, "position": [3.9013554243203497, -0.2597500978038105, -0.8106154188297828], "rotation": [[0.6717235545638952, -0.015718162115524837, -0.7406351366386527], [0.055627354673906296, 0.9980224478387622, 0.029270992841185218], [0.7387104058127439, -0.060861588786650656, 0.6712695459756353]], "fy": 1164.6601287484507, "fx": 1159.588073303806}, {"id": 49, "img_name": "00050", "width": 1959, "height": 1090, "position": [3.7623724264767655, -0.17613325851818648, -0.5555137533032259], "rotation": [[0.5284688871399484, -0.012546804864654102, -0.8488599489979206], [0.06360341200807516, 0.997665795923049, 0.024850867714429608], [0.846566737656279, -0.06712329947877513, 0.5280333525082361]], "fy": 1164.6601287484507, "fx": 1159.588073303806}, {"id": 50, "img_name": "00051", "width": 1959, "height": 1090, "position": [3.6926467466153325, -0.09240346918132201, -0.2558248984011501], "rotation": [[0.32628447496430785, -0.014061394597910568, -0.9451670321055575], [0.07710827831634419, 0.9969530480638216, 0.011787000099460505], [0.9421214119275474, -0.07672611770588506, 0.326374551779742]], "fy": 1164.6601287484507, "fx": 1159.588073303806}, {"id": 51, "img_name": "00052", "width": 1959, "height": 1090, "position": [3.7881520261324297, -0.03022789631172236, -0.06702570515677278], "rotation": [[0.11736487541980634, -0.03624242971649808, -0.9924273133615067], [0.08773736502385109, 0.9958045388743904, -0.025989904498369038], [0.9892055604354257, -0.08402265554841461, 0.12005229093285817]], "fy": 1164.6601287484507, "fx": 1159.588073303806}, {"id": 52, "img_name": "00053", "width": 1959, "height": 1090, "position": [3.9256345370245964, -0.02688793722464422, 0.13639567768335012], "rotation": [[-0.12914727220893096, -0.04337528735393898, -0.9906763177385212], [0.09424987095388025, 0.9939831835175184, -0.055806744301709524], [0.9871362337115224, -0.10057840390134798, -0.12428210153714044]], "fy": 1164.6601287484507, "fx": 1159.588073303806}, {"id": 53, "img_name": "00054", "width": 1959, "height": 1090, "position": [4.142931587026996, -0.01511410993543201, 0.2652685930615563], "rotation": [[-0.2542263333399509, -0.009983433952818513, -0.9670932232639383], [0.103536692749583, 0.9939192981561394, -0.03747775349838567], [0.9615867743948032, -0.10965746577099539, -0.25164680707229403]], "fy": 1164.6601287484507, "fx": 1159.588073303806}, {"id": 54, "img_name": "00055", "width": 1959, "height": 1090, "position": [4.340295210005608, -0.011105967891034872, 0.4356346101852689], "rotation": [[-0.215336886281478, 0.0014688920070967447, -0.9765387180050102], [0.11248006177172895, 0.9933805594715893, -0.023308791640499576], [0.9700403399397498, -0.11486037793853753, -0.2140766976328589]], "fy": 1164.6601287484507, "fx": 1159.588073303806}, {"id": 55, "img_name": "00056", "width": 1959, "height": 1090, "position": [4.539839202041124, 0.0035896601434310766, 0.6925726511012368], "rotation": [[-0.1681758168327774, 0.00517434117749044, -0.9857434355987401], [0.11695411717962059, 0.9930279175438598, -0.014740741271757387], [0.9787944774605973, -0.11776578948015523, -0.16760844167509006]], "fy": 1164.6601287484507, "fx": 1159.588073303806}, {"id": 56, "img_name": "00057", "width": 1959, "height": 1090, "position": [4.742994605467533, -0.05591660945412071, 0.9500365976084458], "rotation": [[-0.17042655709210375, 0.01207080756938, -0.9852964448542146], [0.1165090336695526, 0.9931575292530063, -0.00798543433078162], [0.9784581921120181, -0.1161568667478904, -0.1706667764862097]], "fy": 1164.6601287484507, "fx": 1159.588073303806}, {"id": 57, "img_name": "00058", "width": 1959, "height": 1090, "position": [4.902294473582484, -0.11400876125353128, 1.2059593637845547], "rotation": [[-0.19182513532319073, 0.019256772915599355, -0.9812401816859705], [0.11562957828566127, 0.9932875309181444, -0.003111518602894391], [0.9745937194973706, -0.11405725588235528, -0.1927641675645846]], "fy": 1164.6601287484507, "fx": 1159.588073303806}, {"id": 58, "img_name": "00059", "width": 1959, "height": 1090, "position": [5.046670042046815, -0.09868545369799271, 1.5069647537540674], "rotation": [[-0.20695729207137945, 0.028404931794482367, -0.9779375435620784], [0.1142701916082998, 0.993438719867271, 0.004672598664585614], [0.9716537462328256, -0.1107820821172298, -0.20884522430136432]], "fy": 1164.6601287484507, "fx": 1159.588073303806}, {"id": 59, "img_name": "00060", "width": 1959, "height": 1090, "position": [5.301347790783264, -0.08662574414641873, 1.6735693203157025], "rotation": [[-0.1865971962172333, 0.03313954089767532, -0.9818774145446866], [0.10956587151409722, 0.9938981031628891, 0.01272322005497332], [0.9763077415258076, -0.10520613745548424, -0.18908956205585248]], "fy": 1164.6601287484507, "fx": 1159.588073303806}, {"id": 60, "img_name": "00061", "width": 1959, "height": 1090, "position": [5.436450490884069, -0.08240559574128853, 1.7266332417832246], "rotation": [[-0.12005650647188836, 0.03840049729278837, -0.9920241111290751], [0.10701869261707823, 0.993929370417611, 0.025522657615984757], [0.9869819829582992, -0.10310096230839948, -0.12343725890826172]], "fy": 1164.6601287484507, "fx": 1159.588073303806}, {"id": 61, "img_name": "00062", "width": 1959, "height": 1090, "position": [5.2057724434294546, -0.002820326218642245, 1.5907485652515474], "rotation": [[-0.08089670509319036, 0.01015783701779828, -0.9966707287024059], [0.10256649933134114, 0.9947244976724771, 0.0018129934230860462], [0.9914312060450683, -0.10207836243473933, -0.08151178812087621]], "fy": 1164.6601287484507, "fx": 1159.588073303806}, {"id": 62, "img_name": "00063", "width": 1959, "height": 1090, "position": [4.9334191820944655, 0.06712971873564685, 1.3679589429841559], "rotation": [[-0.06258175468402521, -0.020675623573677537, -0.9978256574023882], [0.10101304747571967, 0.9945202194641047, -0.02694248163657006], [0.9929148443951961, -0.10247951828003732, -0.06015031265716749]], "fy": 1164.6601287484507, "fx": 1159.588073303806}, {"id": 63, "img_name": "00064", "width": 1959, "height": 1090, "position": [4.6185172957369485, 0.09921153681496514, 1.2398560449495706], "rotation": [[-0.018391713690774227, -0.03092361894594047, -0.999352527719224], [0.10589994745604843, 0.9938389122658328, -0.03270195093679516], [0.9942066917881422, -0.10643282509429433, -0.015003591107617753]], "fy": 1164.6601287484507, "fx": 1159.588073303806}, {"id": 64, "img_name": "00065", "width": 1959, "height": 1090, "position": [4.34676307626522, 0.08168160516967146, 1.0876221470355407], "rotation": [[-0.003575447631888379, -0.044792503246552894, -0.9989899137764799], [0.10770152645126597, 0.9931680875192705, -0.04491693593046672], [0.9941768441149182, -0.10775333677534978, 0.0012732004866391048]], "fy": 1164.6601287484507, "fx": 1159.588073303806}, {"id": 65, "img_name": "00066", "width": 1959, "height": 1090, "position": [4.053363958106943, 0.10793725358759133, 0.9504096719194554], "rotation": [[0.06044147076642315, -0.059273136459891546, -0.9964103190482317], [0.11258871988896026, 0.9922697333852927, -0.05219728308298612], [0.9918016983073566, -0.10902968174624385, 0.06664772864063653]], "fy": 1164.6601287484507, "fx": 1159.588073303806}, {"id": 66, "img_name": "00067", "width": 1959, "height": 1090, "position": [3.7791283749888054, 0.12477691586970581, 0.7992369994457252], "rotation": [[0.1339142458032597, -0.06658162983001435, -0.9887536909362831], [0.11524136942405744, 0.9920174700797829, -0.05119341588305015], [0.9842694760807184, -0.10708980168851726, 0.14051822952948842]], "fy": 1164.6601287484507, "fx": 1159.588073303806}, {"id": 67, "img_name": "00068", "width": 1959, "height": 1090, "position": [3.5361702537648547, 0.17675625403920603, 0.7726894921034896], "rotation": [[0.28511066984706607, 0.0043577336820425135, -0.958484697893771], [0.11718386995149294, 0.9923295897047806, 0.039369099805981134], [0.9513042870514927, -0.12354349660543892, 0.28241309793271446]], "fy": 1164.6601287484507, "fx": 1159.588073303806}, {"id": 68, "img_name": "00069", "width": 1959, "height": 1090, "position": [3.372590861342667, 0.18267716613610274, 0.788560049831293], "rotation": [[0.44015136846911723, 0.14874757125946528, -0.8855173250022688], [0.10664157372754356, 0.9705439691134466, 0.21603698472814756], [0.8915684761069539, -0.18952193556928246, 0.41132358107747286]], "fy": 1164.6601287484507, "fx": 1159.588073303806}, {"id": 69, "img_name": "00070", "width": 1959, "height": 1090, "position": [3.231036082939047, 0.10524817317172729, 0.8314700858103258], "rotation": [[0.5199088619695212, 0.11194022207970404, -0.846855455155308], [0.09485501114259114, 0.9776801837917305, 0.18746729069922302], [0.8489389271948224, -0.1777943893988633, 0.49768650071263654]], "fy": 1164.6601287484507, "fx": 1159.588073303806}, {"id": 70, "img_name": "00071", "width": 1959, "height": 1090, "position": [3.1998736877191143, 0.03481035438906178, 0.947547451429331], "rotation": [[0.43567472605144986, 0.04784001662772561, -0.8988319452984819], [0.09766592206124769, 0.9901782750201592, 0.10004174801565689], [0.8947898640172007, -0.13137091187611066, 0.4267233093761328]], "fy": 1164.6601287484507, "fx": 1159.588073303806}, {"id": 71, "img_name": "00072", "width": 1959, "height": 1090, "position": [3.2173417960654915, 0.044831650320700286, 1.014083911458531], "rotation": [[0.20241539432238936, -0.08191806915935819, -0.9758675310135665], [0.09075654354153405, 0.9937758976835415, -0.0645965555402525], [0.9750852567574309, -0.07549102680765375, 0.2085901410082003]], "fy": 1164.6601287484507, "fx": 1159.588073303806}, {"id": 72, "img_name": "00073", "width": 1959, "height": 1090, "position": [3.264984351114202, 0.07897493733673196, 1.0117200284114902], "rotation": [[-0.02691999462816225, -0.1565891128261527, -0.9872968974090509], [0.08444552208239384, 0.983768234577625, -0.1583319754069128], [0.9960643893290488, -0.08763509787945538, -0.013259786205163002]], "fy": 1164.6601287484507, "fx": 1159.588073303806}, {"id": 73, "img_name": "00074", "width": 1959, "height": 1090, "position": [3.263800224386084, 0.10134607190568899, 1.031933816721141], "rotation": [[-0.08014162188297431, -0.15042744926308232, -0.985367394909213], [0.10965143731356469, 0.9812171328988334, -0.15871200458964213], [0.9907340121026609, -0.12076638859383014, -0.06214174642676417]], "fy": 1164.6601287484507, "fx": 1159.588073303806}, {"id": 74, "img_name": "00075", "width": 1959, "height": 1090, "position": [3.174569711287147, 0.10723491847760042, 1.0503180578715925], "rotation": [[-0.1341823754378216, -0.11406514312899627, -0.9843699676670481], [0.12849868032369427, 0.9829635516991102, -0.13141820720942599], [0.9825900362190392, -0.1441242490146339, -0.11723916397277519]], "fy": 1164.6601287484507, "fx": 1159.588073303806}, {"id": 75, "img_name": "00076", "width": 1959, "height": 1090, "position": [3.052210832046053, 0.08091587969030258, 1.1117246941501049], "rotation": [[-0.2850256103965698, -0.08406726893488027, -0.95482621230876], [0.13606796595043724, 0.9825097520482383, -0.12712236535016128], [0.9488128951801682, -0.16615439032399879, -0.26860157951115415]], "fy": 1164.6601287484507, "fx": 1159.588073303806}, {"id": 76, "img_name": "00077", "width": 1959, "height": 1090, "position": [3.001119769929026, 0.06838364595194137, 1.1243186709182962], "rotation": [[-0.3758852205097619, -0.026229351309826274, -0.9262949433804513], [0.14486486549257607, 0.9856460296301015, -0.086695299873956], [0.915272894686686, -0.16677507428954433, -0.36669006374262647]], "fy": 1164.6601287484507, "fx": 1159.588073303806}, {"id": 77, "img_name": "00078", "width": 1959, "height": 1090, "position": [2.9061471216176438, -0.003034922827067538, 1.139289576771458], "rotation": [[-0.40311873168101914, -0.0157944213415795, -0.9150113793950164], [0.1482702279279497, 0.9855136366840955, -0.0823335376373593], [0.9030566026989004, -0.16885913704675048, -0.39493716482213514]], "fy": 1164.6601287484507, "fx": 1159.588073303806}, {"id": 78, "img_name": "00079", "width": 1959, "height": 1090, "position": [2.836675076780774, -0.12658335492211464, 1.1994838187537218], "rotation": [[-0.5788006959448697, 0.0008899386045823426, -0.8154685538897345], [0.1372968327692781, 0.9858304026608641, -0.0963742543475348], [0.8038279256689577, -0.1677427351595249, -0.5707215088954876]], "fy": 1164.6601287484507, "fx": 1159.588073303806}, {"id": 79, "img_name": "00080", "width": 1959, "height": 1090, "position": [2.8222500365555314, -0.18750179988978313, 1.2247511692714537], "rotation": [[-0.6169942916995675, 0.0019696979144055216, -0.786965160791934], [0.1339225928708964, 0.9856734848701557, -0.10253058247498184], [0.7754887382347243, -0.16865319894401326, -0.6084187006963757]], "fy": 1164.6601287484507, "fx": 1159.588073303806}, {"id": 80, "img_name": "00081", "width": 1959, "height": 1090, "position": [2.784387046286046, -0.2563971635061228, 1.2991562624342048], "rotation": [[-0.555529606547077, -0.004792783042920491, -0.8314829435895564], [0.1394018335217215, 0.9852930783023398, -0.09881638862193665], [0.8197279945569946, -0.1708056763699698, -0.5466913533790021]], "fy": 1164.6601287484507, "fx": 1159.588073303806}, {"id": 81, "img_name": "00082", "width": 1959, "height": 1090, "position": [2.7759091754351144, -0.33508946222143726, 1.3356776021701806], "rotation": [[-0.5333861950879012, -0.009444426885215533, -0.8458191116843251], [0.13727215736419576, 0.9857159746177748, -0.09757239464064471], [0.8346589253714539, -0.16815118252376357, -0.524470836285135]], "fy": 1164.6601287484507, "fx": 1159.588073303806}, {"id": 82, "img_name": "00083", "width": 1959, "height": 1090, "position": [2.7341306939940524, -0.39930728564339907, 1.434044560664234], "rotation": [[-0.5070116545840091, -0.01587009093092465, -0.8617930855662681], [0.13675068901755283, 0.9856857010667246, -0.09860500882726046], [0.8510219921771763, -0.16784468691753024, -0.49758389232806394]], "fy": 1164.6601287484507, "fx": 1159.588073303806}, {"id": 83, "img_name": "00084", "width": 1959, "height": 1090, "position": [2.693666077465543, -0.4288216207472358, 1.4973218657886043], "rotation": [[-0.47092298876399646, -0.026976155376371044, -0.8817617737771888], [0.13754955115798478, 0.985062256965022, -0.10359763935154931], [0.8713849089982113, -0.1700724461636471, -0.4601779041045882]], "fy": 1164.6601287484507, "fx": 1159.588073303806}, {"id": 84, "img_name": "00085", "width": 1959, "height": 1090, "position": [2.6530924125495816, -0.529980190018783, 1.589621275123765], "rotation": [[-0.4321360998115472, -0.03697659972705271, -0.901050010994001], [0.13868484650359786, 0.9845484466401639, -0.10691524479097328], [0.8910807508806018, -0.17116391936113626, -0.4203308317492264]], "fy": 1164.6601287484507, "fx": 1159.588073303806}, {"id": 85, "img_name": "00086", "width": 1959, "height": 1090, "position": [2.670924241600662, -0.43282239054169314, 1.650855714105668], "rotation": [[-0.4545449219727877, -0.023229696456785888, -0.8904208528057266], [0.13480961308130499, 0.9863501365536623, -0.09455039048803927], [0.8804631066260643, -0.1630146905131481, -0.44520885946629735]], "fy": 1164.6601287484507, "fx": 1159.588073303806}, {"id": 86, "img_name": "00087", "width": 1959, "height": 1090, "position": [2.689304270305938, -0.3671785918370848, 1.6307307203413703], "rotation": [[-0.548281871924108, 0.23457192406421865, -0.8027222442166442], [0.13459817514153116, 0.9720950100331193, 0.19213178476576845], [0.8253910104719854, -0.0027025746095793975, -0.5645550247075248]], "fy": 1164.6601287484507, "fx": 1159.588073303806}, {"id": 87, "img_name": "00088", "width": 1959, "height": 1090, "position": [2.666845716952972, -0.3451748393916715, 1.649074199266155], "rotation": [[-0.586597603500536, 0.4047595022755312, -0.7014791492874832], [0.1154322155759251, 0.899095877507645, 0.422258222721584], [0.8016100393424845, 0.16672236912430766, -0.5741297731862692]], "fy": 1164.6601287484507, "fx": 1159.588073303806}, {"id": 88, "img_name": "00089", "width": 1959, "height": 1090, "position": [2.6121092823202297, -0.3255591932660859, 1.7060063851507274], "rotation": [[-0.4161385966945874, 0.48439076917503454, -0.7695415850225883], [0.0857307319150872, 0.863430575525548, 0.4971296439088338], [0.9052507442396072, 0.14090146906841927, -0.40083396321668946]], "fy": 1164.6601287484507, "fx": 1159.588073303806}, {"id": 89, "img_name": "00090", "width": 1959, "height": 1090, "position": [2.5770732994295336, -0.32092141612254454, 1.7848488081264418], "rotation": [[-0.2619846643274859, 0.5938770592590051, -0.7607062995289903], [0.06381973036567723, 0.7971736729443629, 0.600367535082008], [0.9629595410365206, 0.108739016228168, -0.2467483509093089]], "fy": 1164.6601287484507, "fx": 1159.588073303806}, {"id": 90, "img_name": "00091", "width": 1959, "height": 1090, "position": [2.487470053167098, -0.3488927941295794, 1.8958160223558962], "rotation": [[-0.15527463914517267, 0.6024362895159487, -0.7829178140217476], [0.04435972140081072, 0.795982772456107, 0.6036916771584082], [0.9868748662092772, 0.05900799121597951, -0.1503198437235617]], "fy": 1164.6601287484507, "fx": 1159.588073303806}, {"id": 91, "img_name": "00092", "width": 1959, "height": 1090, "position": [2.467192597059127, -0.3704978397790005, 1.9951894897992446], "rotation": [[-0.2249721774568403, 0.42239369605281285, -0.8780495913700839], [0.024912726701829282, 0.9033493937005741, 0.4281813038294466], [0.9740466495084348, 0.07445427076836383, -0.21375145881547394]], "fy": 1164.6601287484507, "fx": 1159.588073303806}, {"id": 92, "img_name": "00093", "width": 1959, "height": 1090, "position": [2.4540171821914316, -0.3889927211775551, 2.013450310070009], "rotation": [[-0.3395490557254915, 0.17129318627050164, -0.9248594937033547], [0.02698878406226739, 0.9846470842042585, 0.17245789371000717], [0.9402010658847216, 0.033597081798142386, -0.3389589824800067]], "fy": 1164.6601287484507, "fx": 1159.588073303806}, {"id": 93, "img_name": "00094", "width": 1959, "height": 1090, "position": [2.4581305296143467, -0.4168517798768599, 2.032005182013614], "rotation": [[-0.35511803984868784, -0.04025135627925813, -0.9339544989407704], [0.04110727520075684, 0.9974338026144555, -0.05861741488360764], [0.9339172177980201, -0.05920842608740727, -0.3525521132834932]], "fy": 1164.6601287484507, "fx": 1159.588073303806}, {"id": 94, "img_name": "00095", "width": 1959, "height": 1090, "position": [2.455159326228122, -0.45812929731318774, 2.032570291724632], "rotation": [[-0.39622326366285715, -0.19257789417467067, -0.8977309619299108], [0.07585287045362264, 0.967548084904984, -0.24103328699713647], [0.9150155558111017, -0.16359846598286718, -0.3687574738927372]], "fy": 1164.6601287484507, "fx": 1159.588073303806}, {"id": 95, "img_name": "00096", "width": 1959, "height": 1090, "position": [2.3717052559080574, -0.4320225161779838, 2.044983519915538], "rotation": [[-0.38215157769032715, -0.2215083978076145, -0.8971589610372828], [0.12221023299265218, 0.9502050577648182, -0.28666183413569407], [0.9159829859886454, -0.21919027783837056, -0.3360517690482561]], "fy": 1164.6601287484507, "fx": 1159.588073303806}, {"id": 96, "img_name": "00097", "width": 1959, "height": 1090, "position": [2.358344632055743, -0.3415500897156184, 2.1337149395641264], "rotation": [[-0.4106491284497141, -0.21052909762111702, -0.8871554499400478], [0.1496230470909617, 0.9442297030103034, -0.2933312321119081], [0.899433286621474, -0.2531951164772188, -0.3562470995101314]], "fy": 1164.6601287484507, "fx": 1159.588073303806}, {"id": 97, "img_name": "00098", "width": 1959, "height": 1090, "position": [2.3261805444308545, -0.30461054978632773, 2.1472449736275028], "rotation": [[-0.36239087327811476, -0.20686830900133618, -0.908778497597546], [0.17685475648303042, 0.9420791255671025, -0.28497248337348535], [0.9150930280982656, -0.26399322699957867, -0.30481523259885734]], "fy": 1164.6601287484507, "fx": 1159.588073303806}, {"id": 98, "img_name": "00099", "width": 1959, "height": 1090, "position": [2.3029233087722294, -0.2891341338723788, 2.200778509573076], "rotation": [[-0.3869334517522478, -0.19801584368700276, -0.9005954860890736], [0.1799088143207806, 0.9416895684376917, -0.2843476309472698], [0.904386710674577, -0.27204867642493374, -0.32874639954022306]], "fy": 1164.6601287484507, "fx": 1159.588073303806}, {"id": 99, "img_name": "00100", "width": 1959, "height": 1090, "position": [2.2746983934529017, -0.2532242546950079, 2.269096310619326], "rotation": [[-0.4888361958459256, -0.17877289192700457, -0.8538614798331984], [0.1841662929299614, 0.9355702588507387, -0.30131556100274187], [0.8527144599332882, -0.3045464560063324, -0.424416665500618]], "fy": 1164.6601287484507, "fx": 1159.588073303806}, {"id": 100, "img_name": "00101", 